<-- FIRST BLOCK -->

10415951

10156475

10156352

15743817
10156328

14799529

1510415741

15743811

1310032599

15744208

15741866

10167018
14801344

1410156211
15741779

15743846

1610673522
10673467
10673529
10673528
10673520
10673502
10673469
10673499
10673491
10673473
10673466
10673497
10673518
10673518
10673463
10673498
10673484
10673477
10673519
10673479
10673490
10673525
10673509
10673493
10673462
10673495



15743808
15742032




<-- SECOND BLOCK -->

15743914
14791854
14799542
14801540
14801597
14801587
14801468
14801428

14790132
14799559
14801486
15741612
13059234
14790173
13052362
14799585
13059244
14791812
14790122
13059221
14799574
14799422
14799055
15742578

148011046
14801092
15742589
15742591
14801345
1410156428

15744217
15744393
14801549
15742570
15742820
14801482
15743988
15742828
15742821
14801237
14790140
14790129
14791822
10166979

1410156082
14801080
14801262

15742587
15.10415725
15.10415732

14799042
14799033

10167043
14798998

10156226
14801273
10156062
14801077
15742571
15741817
14801547
15743946
15743918
14801489
15741509
15741771
1410156381
15743815
15743830
15742599
15743816
14767733
1410129589
1410129684
14767680
14799294
14767888
15743938
15744215
15744120
15742211
14767683
15743742
15744197
14790114




<-- FORTH BLOCK -->

10129826
10156158
09569907
10156142
10129729
100078421
14801281
5000473
14767885
15741837
1410156050
1610752792
1610752811


1410156085
15741838
13023473
5000440
10415941
9628348
100011126
15743814
1410156060
15742592
10156069
15742524
15742575
1410156283
14801290
10156356
15742600
43880550
15742586
14768094
100062886
15744125
15742579
15742588
15742580
15742581
15743819
15744127
15743744
15742584
15744109
15744201
15744118
14801002
44080063
1410156046
15742531
15742576
1410156053
1410156204
1510415882
14792053
15744093
15742585
15444077
15742568
1510600323
15742593
1410581238
15744094
10673505
15742594


16 10640361
1610640365
1510581233
1610640366
43580884

10417632
1410156189


15741742
14801598
14801421



